story_id,author_id
1,2
2,3
3,4
4,6
5,5
6,1
7,1
23,8
24,8
25,8
26,8
27,9
28,10
29,11
29,51
30,12
31,13
32,14
33,15
33,56
34,16
35,17
35,42
35,43
35,44
35,45
35,46
35,47
35,48
36,18
37,19
37,55
38,20
39,21
40,22
41,23
42,24
42,54
43,25
44,26
44,53
45,27
46,28
47,29
48,30
49,31
50,32
51,33
52,34
53,35
54,36
55,37
55,49
55,50
56,38
57,39
57,52
58,40
59,41
61,57
62,57
63,57
64,57
65,57
66,57
67,57
68,57
69,57
70,57
71,57
72,57
73,57
74,57
75,57
76,57
77,57
78,57
79,57
80,57
81,57
82,57
83,57
84,57
85,57
86,57
87,57
88,57
89,57
90,57
91,57
92,57
93,57
94,57
95,57
96,57
97,57
98,57
99,57
100,57
101,57
102,57
103,57
104,57
105,57
106,57
107,57
108,57
109,57
110,57
111,57
112,57
113,57
114,57
115,57
116,57
117,57
118,57
119,57
120,57
121,57
122,57
123,57
124,57
125,57
126,57
127,57
128,57
129,57
130,57
131,57
132,57
133,57
134,57
135,57
136,57
137,57
138,57
139,57
140,57
141,57
142,57
143,57
144,57
145,57
146,57
147,57
148,57
149,57
150,57
151,57
152,57
153,57
154,57
155,57
156,57
157,57
158,57
159,57
160,57
161,57
162,57
163,57
164,57
165,57
166,57
167,57
168,57
169,57
170,57
171,57
172,57
173,57
174,58
175,58
176,58
177,58
178,58
179,58
180,58
181,58
182,58
183,58
184,58
185,58
186,58
187,58
188,58
189,58
190,59
191,59
192,59
193,59
194,59
195,60
196,61
197,62
198,63
199,64
200,64
201,64
202,65
203,65
204,65
205,65
206,66
207,66
208,66
209,66
210,66
211,66
212,66
213,66
214,66
215,66
216,66
217,66
218,66
219,66
220,66
221,66
222,67
223,68
224,69
225,70
226,71
227,72
228,73
229,74
230,75
231,76
232,77
233,78
234,79
235,80
236,81
237,82
8,1
9,1
10,1
11,1
12,1
13,1
14,1
15,1
16,1
17,1
18,1
19,1
20,1
21,1
60,57
238,3
239,3
240,3
241,3
242,3
243,3
244,3
245,3
246,3
247,3
248,3
249,3
250,3
251,3
252,3
253,3
254,3
255,3
256,3
257,3
258,3
259,3
260,3
261,3
262,3
263,3
264,3
265,3
266,3
267,3
268,3
269,3
270,3
271,3
272,3
273,3
274,3
275,3
276,3
277,3
278,3
279,3
280,3
281,83
282,83
283,83
284,83
285,83
286,83
287,83
288,83
289,83
290,83
291,83
292,83
293,83
294,83
295,83
296,83
297,83
298,83
299,83
300,83
301,83
302,83
303,83
304,83
305,83
306,83
307,83
308,83
309,83
310,83
311,83
312,83
313,83
314,83
315,83
316,83
317,83
318,83
319,83
320,83
321,83
322,83
323,83
324,83
325,83
326,83
327,83
328,83
329,83
330,83
331,83
332,83
333,83
334,83
335,83
336,83
337,83
338,83
339,83
340,83
341,83
342,83
343,83
344,83
345,83
346,83
347,83
348,83
349,83
350,83
351,83
352,83
353,83
354,83
355,83
356,83
357,83
358,83
359,83
360,83
361,83
362,83
363,83
364,83
365,83
366,83
367,83
368,83
369,83
370,83
371,83
372,83
373,83
374,83
375,83
376,83
377,83
378,83
379,83
380,83
381,83
382,83
383,83
384,83
385,83
386,83
387,83
388,83
389,83
390,83
391,83
392,83
393,83
394,83
395,83
396,83
397,83
398,83
399,83
400,83
401,83
402,83
403,83
404,83
405,83
406,83
407,83
408,83
409,83
410,83
411,83
412,83
413,83
414,83
415,83
416,83
417,83
418,83
419,83
420,83
421,83
422,83
423,83
424,83
425,83
426,83
427,83
428,83
429,83
430,83
431,83
432,83
433,83
434,83
435,83
436,83
437,83
438,83
439,83
440,83
441,83
442,83
443,83
444,83
445,83
446,83
447,83
448,83
449,83
450,83
451,83
452,83
453,83
454,83
455,83
456,83
457,83
458,83
459,83
460,83
461,83
462,83
463,83
464,83
465,83
466,83
467,83
468,83
469,83
470,83
471,83
472,83
473,83
474,83
475,83
476,83
477,83
478,83
479,83
480,83
481,83
482,83
483,83
484,83
485,83
486,83
487,83
488,83
489,83
490,83
491,83
492,83
493,83
494,83
495,83
496,83
497,83
498,83
499,83
500,83
501,83
502,83
503,83
504,83
505,83
506,83
507,83
508,83
509,83
510,83
511,83
512,83
513,83
514,83
515,83
516,83
517,83
518,83
519,83
520,83
521,83
522,83
523,83
524,83
525,83
526,83
527,83
528,83
529,83
530,83
531,83
532,83
533,83
534,83
535,83
536,83
537,83
538,83
539,83
540,83
541,83
542,83
543,83
544,83
545,83
546,83
547,83
548,83
549,83
550,83
551,83
552,83
553,83
554,83
555,83
556,83
557,83
558,83
559,83
560,83
561,83
562,83
563,83
564,83
565,83
566,83
567,83
568,83
569,83
570,83
571,83
572,83
573,83
574,83
575,83
576,83
577,83
578,83
579,83
580,83
581,83
582,83
583,83
584,83
585,83
586,83
587,83
588,83
589,83
590,83
591,83
592,83
593,83
594,83
595,83
596,83
597,83
598,83
599,83
600,83
601,83
602,83
603,83
604,83
605,83
606,83
607,83
608,83
609,83
610,83
611,83
612,83
613,83
614,83
615,83
616,83
617,83
618,83
619,83
620,83
621,83
622,83
623,83
624,83
625,83
626,83
627,83
628,83
629,83
630,83
631,83
632,83
633,83
634,83
635,83
636,83
637,83
638,83
639,83
640,83
641,83
642,83
643,83
644,83
645,83
646,83
647,83
648,83
649,83
650,83
651,83
652,83
653,83
654,83
655,83
656,83
657,83
658,83
659,83
660,83
661,83
662,83
663,83
664,83
665,83
666,83
667,83
668,83
669,83
670,83
671,83
672,83
673,83
674,83
675,83
676,83
677,83
678,83
679,83
680,83
681,83
682,83
683,83
684,83
685,83
686,83
687,83
688,83
689,83
690,83
691,83
692,83
693,83
694,83
695,83
696,83
697,83
698,83
699,83
700,83
701,83
702,83
703,83
704,83
705,83
706,83
707,83
708,83
709,83
710,83
711,83
712,83
713,83
714,83
715,83
716,83
717,83
718,83
719,83
720,83
721,83
722,83
723,83
724,83
725,83
726,83
727,83
