story_id,artist_id
1,3
6,2
7,1
8,2
9,2
10,1
11,1
12,1
13,1
14,1
15,1
16,1
17,5
18,5
19,5
20,5
21,5
22,5
23,6
24,6
25,6
26,6
27,7
29,8
30,9
31,10
32,11
33,12
34,13
35,14
36,15
37,16
38,17
39,18
40,19
41,20
42,21
43,22
44,23
45,24
46,25
47,26
48,27
49,28
50,29
51,30
52,31
53,32
54,33
55,34
56,35
57,36
58,37
59,38
61,39
62,39
63,39
64,39
65,39
66,39
67,39
68,39
69,39
70,39
71,39
72,39
73,39
74,39
75,39
76,39
77,39
78,39
79,39
80,39
81,39
82,39
83,39
84,39
85,39
86,39
87,39
88,39
89,39
90,39
91,39
92,39
93,39
94,39
95,39
96,39
97,39
98,39
99,39
100,39
101,39
102,39
103,39
104,39
105,39
106,39
107,39
108,39
109,39
110,39
111,39
112,39
113,39
114,39
115,39
116,39
117,39
118,39
119,39
120,39
121,39
122,39
123,39
124,39
125,39
126,39
127,39
128,39
129,39
130,39
131,39
132,39
133,39
134,39
135,39
136,39
137,39
138,39
139,39
140,39
141,39
142,39
143,39
144,39
145,39
146,39
147,39
148,39
149,39
150,39
151,39
152,39
153,39
154,39
155,39
156,39
157,39
158,39
159,39
160,39
161,39
162,39
163,39
164,39
165,39
166,39
167,39
168,39
169,39
170,39
171,39
172,39
173,39
174,40
175,40
176,40
177,40
178,40
179,40
180,40
181,40
182,40
183,40
184,40
185,40
186,40
187,40
188,40
189,40
196,41
197,42
199,43
200,43
201,43
222,44
223,45
224,46
225,47
226,48
227,49
228,50
229,51
230,52
231,53
232,54
233,55
234,56
235,57
236,58
237,59
